38 52 0
78 17 0
41 58 0
70 13 0
96 15 0
29 30 1
53 54 1
3 11 1
2 63 0
29 54 0
97 37 0
84 82 1
72 72 1
55 70 1
33 35 1
17 4 1
27 52 0
64 87 1
26 15 1
52 64 1
90 84 1
85 61 1
49 47 1
39 17 1
4 52 0
19 19 1
1 63 0
91 25 0
16 35 1
33 24 1
96 10 0
27 45 1
35 79 0
2 55 0
9 45 1
33 76 0
63 73 1
19 45 1
75 57 1
17 96 0
23 58 0
93 31 0
41 58 0
94 71 1
83 20 0
3 16 1
19 37 1
5 23 1
68 72 1
88 32 0
73 79 1
76 12 0
75 37 0
88 18 0
23 31 1
40 73 0
82 97 1
53 99 1
69 52 1
5 88 0
76 52 1
55 55 1
79 87 1
63 8 0
23 31 1
10 22 1
93 88 1
6 48 1
78 54 1
86 13 0
44 88 0
50 84 1
33 72 0
35 27 1
73 10 0
64 37 0
45 84 0
65 10 0
94 99 1
21 54 0
47 15 1
82 30 0
47 32 1
58 71 1
1 74 0
17 72 0
31 92 0
7 10 1
36 4 1
80 31 0
33 52 0
42 23 1
10 35 1
78 3 0
6 66 0
89 84 1
10 34 1
46 66 0
97 14 0
12 69 0
46 28 1
66 45 0
78 31 0
33 24 1
77 28 0
85 91 1
29 40 1
24 73 0
36 81 0
69 69 1
19 3 1
93 24 0
18 85 0
35 27 1
42 77 0
52 34 0
59 19 0
85 86 1
83 60 1
79 1 0
31 96 0
98 39 0
92 1 0
80 89 1
0 34 1
96 45 0
34 39 1
63 61 1
28 21 1
63 72 1
68 16 0
54 20 0
12 10 1
75 79 1
58 17 0
0 7 1
93 0 0
38 48 1
6 87 0
13 44 1
51 97 1
44 87 0
89 37 0
36 33 1
25 20 1
72 68 1
9 23 1
62 63 1
92 47 0
44 24 1
29 53 0
98 37 0
57 10 0
20 19 1
83 64 1
43 19 1
37 9 1
70 95 1
66 21 0
46 9 1
5 69 0
5 11 1
78 64 1
21 23 1
21 35 1
33 50 0
70 39 0
83 34 0
68 28 0
78 87 1
4 22 1
72 11 0
55 37 0
4 64 0
78 42 0
56 24 0
97 31 0
37 17 1
16 62 0
90 95 1
61 22 0
92 91 1
15 74 0
35 87 0
42 75 0
50 88 1
56 21 0
66 22 0
73 34 0
70 19 0
1 76 0
30 70 0
83 19 0
3 96 0
53 22 0
20 85 0
16 55 0
13 23 1
66 49 0
28 14 1
94 97 1
55 89 1
32 71 0
40 54 0
98 28 0
83 98 1
12 33 1
80 70 1
31 55 0
13 14 1
82 89 1
56 87 1
26 45 1
88 18 0
34 38 1
54 58 1
80 21 0
69 22 0
34 50 0
25 62 0
38 5 1
6 11 1
51 3 0
69 26 0
87 95 1
57 59 1
86 43 0
22 12 1
46 35 1
32 87 0
97 18 0
93 14 0
87 39 0
39 71 0
55 24 0
14 0 1
3 29 1
77 12 0
83 26 0
19 17 1
82 89 1
78 33 0
79 23 0
0 28 1
15 37 1
80 0 0
17 17 1
69 10 0
20 95 0
14 99 0
54 18 0
75 78 1
17 26 1
28 71 0
54 8 0
34 65 0
59 98 1
5 8 1
92 92 1
54 16 0
62 74 1
84 84 1
42 75 0
97 52 1
48 75 0
11 99 0
99 51 1
24 52 0
98 0 0
67 23 0
68 17 0
8 8 1
29 77 0
64 35 0
25 11 1
74 5 0
24 26 1
75 82 1
23 13 1
91 82 1
46 32 1
20 17 1
49 63 0
73 0 0
3 71 0
12 10 1
75 28 0
99 37 0
67 11 0
78 95 1
44 24 1
62 12 0
96 55 1
20 19 1
59 75 1
92 34 0
10 24 1
17 65 0
28 16 1
75 53 1
13 13 1
79 24 0
14 96 0
24 50 0
6 3 1
11 85 0
30 45 1
14 76 0
55 3 0
76 79 1
10 79 0
90 90 1
36 59 0
43 48 1
85 8 0
66 42 0
69 50 1
10 7 1
43 20 1
82 83 1
17 67 0
27 51 0
58 50 1
36 44 1
24 0 1
75 33 0
44 10 1
71 17 0
34 67 0
80 21 0
63 84 1
65 27 0
20 26 1
62 78 1
19 79 0
6 17 1
43 97 0
62 28 0
64 6 0
66 7 0
33 64 0
65 11 0
16 39 1
40 90 0
99 40 0
61 17 0
26 32 1
23 33 1
74 15 0
54 13 0
77 76 1
10 67 0
4 8 1
24 51 0
96 81 1
1 0 1
59 25 0
6 36 1
98 86 1
78 24 0
36 10 1
77 44 0
72 94 1
32 80 0
0 22 1
65 95 1
43 3 1
91 84 1
5 96 0
24 17 1
72 91 1
4 83 0
10 0 1
57 90 1
86 1 0
59 80 1
53 83 1
90 55 1
99 57 1
99 66 1
2 84 0
21 25 1
30 43 1
6 42 1
47 24 1
22 65 0
18 77 0
39 14 1
4 22 1
69 97 1
32 64 0
59 64 1
81 91 1
0 33 1
78 93 1
70 96 1
50 11 0
54 6 0
32 88 0
64 78 1
25 46 1
89 38 0
16 98 0
48 89 0
86 89 1
80 95 1
62 68 1
77 45 0
43 83 0
20 45 1
72 28 0
59 70 1
94 54 1
48 94 0
46 17 1
33 53 0
51 32 0
31 50 0
69 59 1
2 6 1
96 96 1
8 93 0
8 49 1
86 32 0
17 48 1
5 79 0
76 92 1
99 20 0
15 41 1
32 46 1
22 61 0
72 62 1
23 21 1
16 59 0
2 16 1
22 14 1
59 2 0
84 38 0
85 6 0
68 74 1
23 90 0
99 69 1
21 40 1
83 2 0
78 67 1
21 39 1
5 52 0
22 27 1
67 58 1
3 63 0
92 92 1
43 44 1
67 44 0
22 2 1
25 31 1
26 50 0
9 21 1
7 77 0
69 58 1
49 59 0
32 45 1
88 14 0
0 47 1
66 94 1
72 94 1
20 91 0
23 83 0
43 94 0
15 32 1
47 3 1
39 92 0
94 75 1
44 5 1
73 41 0
48 73 0
21 9 1
8 49 1
74 44 0
46 21 1
11 94 0
53 81 1
82 0 0
25 42 1
61 75 1
87 76 1
16 51 0
76 42 0
24 22 1
8 24 1
7 59 0
67 96 1
97 1 0
64 37 0
28 53 0
80 30 0
15 60 0
71 4 0
5 75 0
85 45 0
88 20 0
